0 0 0 0 5 0 7 0 0 0 0 0 0 0 0 0 17 0 19 0 0 0 23 0 25 0 27 0 29 0 0 0 0 0 35 0 37 0 0 0 0 0 0 44 0 0 0 0 0 0 51 0 0 54 0 0 0 0 0 60 0 62 0 0 
0 0 59 0 61 62 63 0 0 0 0 0 0 0 0 0 9 10 0 0 13 14 15 16 0 0 0 0 0 0 0 0 0 26 0 0 0 0 0 0 33 34 35 0 0 0 39 0 0 42 43 0 45 0 47 0 0 50 0 0 0 0 0 0 
49 0 0 0 0 54 55 0 0 0 0 0 0 0 0 64 0 0 0 4 5 0 0 8 0 0 0 0 13 0 0 0 0 0 0 0 0 22 0 0 25 26 0 0 0 0 0 0 0 34 35 0 37 38 0 0 0 0 0 0 45 46 0 0 
0 42 43 44 45 0 47 0 0 0 0 0 0 0 55 0 0 0 0 0 0 0 0 0 0 0 0 4 0 6 0 0 0 0 11 0 0 0 0 0 0 0 19 0 21 0 0 0 0 0 27 28 0 0 31 32 33 0 0 0 37 0 0 0 
0 0 35 0 0 0 0 0 0 0 0 0 45 46 0 0 0 0 0 0 0 0 55 56 0 58 0 60 0 0 63 0 0 0 0 0 0 0 7 0 9 0 0 0 0 14 15 16 17 0 0 0 21 0 0 24 25 26 0 0 0 30 0 0 
25 0 0 28 29 30 0 0 0 34 0 0 0 0 0 40 41 0 0 44 0 0 0 0 0 0 0 52 0 0 0 56 0 0 0 60 0 0 0 0 0 0 0 0 0 0 7 8 0 0 0 12 0 0 15 0 0 0 0 0 0 0 0 24 
17 0 0 0 21 22 0 24 25 0 0 28 29 30 0 32 0 0 35 0 37 38 0 0 0 0 0 0 0 46 0 48 0 0 51 0 53 54 0 0 0 0 0 0 0 0 0 0 0 0 0 4 0 0 7 8 0 0 0 12 0 14 0 0 
0 0 11 12 13 0 0 0 0 0 0 0 0 22 23 0 0 0 0 28 0 0 31 0 33 0 0 0 37 0 39 0 41 0 43 44 0 46 0 0 0 0 0 0 0 54 0 0 0 0 59 0 0 0 0 0 0 0 0 0 0 6 0 0 
0 0 0 0 0 5 0 0 0 0 10 0 12 0 14 15 0 0 0 0 0 0 0 0 0 0 0 27 0 0 0 0 0 0 0 35 36 0 38 0 0 0 0 0 0 0 46 47 0 0 0 51 0 0 0 0 56 57 0 0 0 61 0 63 
56 0 0 59 0 61 0 0 0 1 0 3 0 0 0 7 0 0 0 0 0 0 0 0 0 0 0 0 0 0 0 23 0 0 0 27 28 0 30 0 0 0 0 0 0 0 0 0 40 41 0 43 0 0 0 0 0 0 50 51 52 53 54 0 
0 0 0 51 0 53 0 0 56 0 58 59 60 0 0 63 0 0 0 0 0 5 0 7 0 0 0 0 0 0 14 0 16 17 0 0 20 0 0 0 0 0 0 0 0 0 0 0 32 33 0 0 0 0 38 39 40 0 0 43 0 0 0 0 
0 0 42 0 44 0 46 47 48 0 0 51 52 0 0 0 0 0 0 0 0 61 0 0 0 0 2 3 0 5 0 0 8 0 0 0 12 0 14 0 0 17 0 0 0 21 22 23 0 25 0 0 28 29 0 0 32 33 34 35 36 0 0 0 
32 0 0 35 0 0 0 0 0 0 0 0 0 0 0 47 0 0 0 0 0 0 0 0 0 0 0 0 0 0 0 63 64 0 2 0 4 5 0 0 8 0 0 0 0 0 0 0 0 0 0 0 0 0 0 0 0 0 0 0 28 0 0 31 
24 25 0 0 0 0 0 0 0 0 0 35 36 0 0 0 0 41 42 0 0 0 0 0 0 0 50 0 0 0 0 0 0 0 0 59 0 0 62 63 0 0 0 3 0 0 0 7 0 0 0 0 0 0 0 15 0 17 18 0 0 0 0 0 
0 0 18 19 0 21 0 0 0 25 0 27 0 0 0 31 0 0 0 0 0 0 0 39 0 0 42 0 0 0 0 0 48 0 50 51 52 0 0 55 0 0 0 0 0 61 0 0 64 0 0 0 0 0 0 7 8 0 0 11 12 13 0 0 
0 0 0 0 0 0 0 0 16 17 18 0 20 0 0 0 0 25 0 0 28 29 0 0 32 0 34 35 0 0 0 0 40 0 0 0 0 45 46 47 0 0 0 0 0 53 0 0 0 0 58 0 60 0 0 0 0 0 0 0 4 5 0 0 
63 0 0 2 0 0 0 0 7 0 0 10 0 0 13 0 0 0 0 0 19 0 21 0 0 0 0 0 0 0 0 30 0 0 33 0 0 0 0 0 39 0 0 42 0 0 0 0 0 0 0 0 51 0 0 0 0 0 0 0 0 60 0 0 
0 56 0 0 0 0 0 0 0 64 1 0 0 0 0 0 7 8 0 0 0 12 0 0 0 0 0 0 19 0 0 0 0 0 25 0 27 0 0 0 31 32 0 0 0 0 0 0 0 0 0 0 0 0 0 0 0 0 49 0 0 52 53 0 
0 0 49 0 0 0 0 0 0 0 0 0 0 60 0 62 0 0 0 0 0 0 0 6 0 8 0 0 0 0 0 0 0 16 0 0 0 20 0 0 0 0 25 0 0 28 0 0 0 32 0 34 0 0 37 0 0 0 0 0 0 44 0 0 
0 40 41 0 0 0 0 0 0 0 0 0 51 52 0 54 0 0 0 0 59 0 0 0 0 0 0 0 0 0 0 6 0 0 0 0 0 0 0 14 0 0 17 0 0 0 0 0 0 24 25 0 0 28 0 0 0 0 0 0 0 36 0 0 
0 0 0 34 0 0 0 38 0 0 0 0 43 44 45 0 0 0 49 50 0 0 0 0 55 0 0 0 0 0 61 0 63 64 0 0 3 0 5 0 0 8 9 0 11 12 0 14 15 0 17 0 0 0 0 0 0 24 0 0 0 0 0 0 
0 0 25 0 0 0 29 0 0 32 0 34 0 0 0 38 39 40 0 0 0 44 0 46 47 0 0 50 0 0 0 54 55 56 0 0 0 0 0 62 63 0 0 2 0 4 0 6 0 0 0 0 11 0 0 0 0 0 17 0 0 0 0 0 
15 16 0 0 0 0 0 0 23 0 0 26 0 0 29 0 31 32 33 0 35 36 0 0 0 40 41 0 43 0 45 46 0 0 0 50 51 0 0 54 0 0 57 0 0 0 61 62 0 0 0 0 3 0 0 6 7 0 0 0 11 0 0 0 
0 0 0 10 11 12 13 0 0 16 17 0 0 0 0 0 0 24 0 26 27 0 0 0 31 32 33 0 0 36 0 38 39 40 0 0 0 0 0 0 0 0 0 0 0 0 0 54 0 0 0 0 0 0 0 0 63 0 0 2 3 0 0 0 
0 63 64 0 2 0 0 5 0 0 8 9 0 11 12 0 0 0 16 0 18 0 0 0 0 23 0 0 26 0 28 29 0 0 0 0 34 35 36 0 0 0 0 0 42 0 44 0 0 0 48 0 0 0 0 0 0 55 0 0 0 0 0 0 
54 0 0 0 0 0 0 0 62 0 0 0 2 0 0 5 0 0 8 9 0 0 0 0 0 15 0 17 18 19 0 0 0 0 0 0 26 0 0 0 0 0 0 33 0 35 36 37 0 39 0 0 42 43 0 0 0 0 0 0 50 51 52 0 
0 47 48 0 0 51 0 53 0 55 0 0 0 59 60 61 62 0 0 0 0 0 0 5 0 7 0 0 0 11 0 0 14 15 0 17 18 0 20 21 22 0 24 0 0 0 0 0 30 31 0 33 0 35 0 0 38 0 40 0 42 0 0 0 
0 39 0 41 0 43 0 0 0 0 48 0 0 51 0 0 0 0 0 57 0 0 0 0 0 0 0 0 0 0 4 0 0 0 8 0 0 11 0 13 0 0 0 17 18 19 0 0 22 0 0 0 0 0 0 0 30 0 0 0 34 35 0 37 
0 0 32 0 34 0 0 0 0 39 0 0 0 0 44 0 0 0 0 0 0 51 0 0 0 0 56 0 0 0 0 0 62 0 0 1 0 0 4 0 0 7 8 0 10 11 12 0 14 0 0 17 0 19 0 0 0 0 0 0 26 0 28 0 
0 23 0 25 26 0 0 0 0 0 0 0 34 0 36 37 0 39 0 0 0 0 44 0 0 0 48 0 50 0 52 0 0 55 0 57 58 0 0 0 0 63 64 0 0 0 0 5 0 7 0 0 10 0 0 0 0 15 16 0 0 19 0 0 
0 0 0 0 0 0 0 0 22 0 0 25 26 0 0 29 0 0 32 33 34 0 0 0 0 0 0 0 0 0 0 0 0 47 0 49 0 51 0 0 54 0 0 0 0 59 60 0 0 63 64 0 0 0 4 0 0 0 0 0 0 0 0 0 
0 0 8 0 0 0 12 13 14 0 0 0 0 19 0 0 22 0 0 25 0 27 0 0 0 0 32 33 34 0 36 0 0 0 0 41 0 43 0 45 0 47 0 49 50 0 52 53 54 0 0 0 0 59 0 0 0 0 0 0 0 0 4 5 
0 0 63 0 0 2 3 4 0 0 0 0 0 0 0 0 13 0 0 16 0 0 19 20 21 0 0 24 0 0 27 0 29 0 31 0 0 34 0 0 0 38 0 40 0 0 0 0 0 0 0 0 0 0 0 0 0 0 0 56 0 58 59 0 
53 0 0 0 0 0 0 0 0 62 0 0 0 0 0 0 0 0 7 0 0 0 0 0 13 0 15 16 0 0 0 20 0 0 23 0 25 0 0 28 0 30 0 0 0 34 0 36 0 0 0 40 41 42 43 0 0 0 0 48 0 0 0 0 
45 0 0 48 49 0 51 0 0 54 0 56 0 58 0 60 0 62 0 0 0 0 3 0 5 0 0 0 9 10 0 0 0 0 0 0 0 0 0 0 0 0 0 24 25 0 0 0 0 0 31 32 0 0 0 0 0 0 39 0 0 0 0 0 
37 0 0 0 0 0 0 0 45 0 47 48 0 0 0 0 0 54 0 0 57 0 0 0 0 62 63 64 1 2 0 0 0 0 7 0 9 0 0 0 0 14 0 0 0 0 0 0 21 0 0 24 25 0 0 28 0 0 0 0 33 34 0 0 
0 30 0 0 0 0 0 0 37 0 0 40 0 0 0 0 0 46 0 48 0 0 0 0 53 0 0 0 57 0 0 0 61 62 63 64 0 0 3 4 0 0 0 0 9 0 11 12 0 0 0 0 0 0 0 20 0 22 23 0 0 0 0 0 
0 22 23 24 25 0 0 0 0 0 0 32 33 0 35 36 0 0 0 0 0 42 0 0 45 46 0 0 0 50 51 0 0 54 0 0 57 0 59 0 61 62 0 0 0 0 0 0 0 0 7 8 0 0 11 0 0 0 0 0 0 0 19 20 
13 0 15 0 0 0 0 20 21 0 0 0 0 26 27 0 0 0 0 0 0 0 35 0 0 0 0 0 0 0 0 0 45 0 47 48 0 0 0 0 53 0 0 56 0 0 59 60 0 0 0 64 0 2 0 0 0 0 0 8 0 0 0 12 
5 6 0 8 9 10 11 0 13 0 0 16 0 18 0 20 21 0 0 0 25 0 0 0 0 0 0 0 0 0 0 0 0 0 0 40 0 0 43 0 45 0 0 0 0 0 51 0 53 0 0 56 0 0 59 60 0 0 0 64 0 2 0 0 
0 61 0 0 0 1 2 3 4 5 6 0 0 0 0 0 0 0 0 0 16 0 0 0 20 0 22 23 0 25 0 0 0 0 0 0 0 0 0 0 0 37 38 39 0 0 0 0 44 45 0 47 0 0 0 51 0 0 0 0 56 57 0 0 
0 0 0 0 56 57 58 0 0 0 62 0 0 1 2 0 0 5 0 0 8 0 0 11 0 0 14 0 0 0 0 0 0 21 0 0 24 25 0 0 0 0 30 0 0 0 0 0 0 0 38 39 40 41 42 0 0 0 0 0 0 0 50 0 
0 0 0 47 0 0 0 51 0 0 0 0 0 57 0 59 0 0 0 63 0 0 0 0 0 0 0 7 0 0 0 11 0 13 0 0 0 0 18 0 0 0 22 0 0 0 0 0 28 0 0 31 32 0 34 0 0 37 38 0 40 0 42 43 
0 37 38 0 0 0 42 43 0 0 0 0 0 0 0 0 0 0 54 55 0 0 0 59 0 0 62 0 0 0 0 3 0 5 0 0 8 9 10 0 12 0 0 15 0 0 0 0 20 0 22 0 0 0 0 0 28 29 30 0 32 0 0 0 
0 0 30 31 0 0 34 0 0 0 38 0 40 0 0 43 44 0 0 0 0 0 0 0 0 53 0 55 0 0 0 0 0 0 0 63 0 0 2 0 0 0 6 0 0 0 0 11 0 13 14 0 0 17 0 0 0 21 22 23 24 25 26 27 
20 21 22 23 0 25 0 0 0 29 30 0 0 0 0 35 36 0 0 0 40 0 0 0 0 45 46 0 0 49 50 0 52 0 0 0 56 0 58 0 0 0 0 63 0 0 0 3 0 0 6 7 0 9 0 11 0 0 0 15 0 0 18 0 
0 0 14 0 0 0 0 19 20 0 0 0 0 0 0 0 28 0 30 0 32 33 0 35 0 0 0 39 0 41 42 0 0 0 0 0 48 0 0 0 0 53 0 55 56 0 0 0 0 0 0 0 0 0 0 0 4 5 0 7 8 0 0 0 
4 5 0 0 0 0 0 0 12 0 0 0 0 0 18 0 0 21 22 0 0 25 26 0 0 0 30 0 0 33 0 0 0 0 0 0 0 0 0 43 0 0 0 47 0 0 0 0 0 53 0 55 0 0 0 0 0 0 0 0 0 0 0 3 
59 0 0 62 63 0 0 2 3 0 0 0 0 0 0 0 0 0 0 14 0 16 0 0 0 0 0 0 23 0 0 26 0 28 0 0 31 32 33 34 0 36 0 0 39 0 0 0 43 0 0 0 0 0 0 50 0 52 53 0 0 0 0 0 
51 0 0 0 0 0 57 0 59 0 0 62 0 0 0 0 0 4 5 0 7 8 0 0 0 12 13 0 0 0 0 0 0 0 0 0 23 0 0 0 0 0 0 30 0 0 0 0 0 0 0 0 0 40 0 0 0 44 0 0 47 0 49 0 
0 0 0 0 47 48 0 0 0 0 53 0 55 0 0 58 0 0 61 0 0 0 0 2 0 0 0 0 0 0 0 10 11 0 0 14 15 0 17 18 0 20 21 0 0 0 0 0 27 0 0 30 31 32 33 0 0 0 0 0 39 0 0 42 
35 0 37 0 0 0 0 0 0 0 0 0 0 0 49 0 0 0 0 0 0 0 0 0 0 60 0 62 0 0 0 2 0 0 5 0 0 0 0 10 0 0 0 0 15 0 17 0 0 0 0 0 23 0 0 0 0 28 0 0 0 0 0 0 
0 0 29 0 31 0 0 0 0 36 0 0 0 0 41 42 0 0 0 0 47 48 0 0 51 0 53 54 0 0 57 0 0 60 0 0 0 0 0 0 0 0 0 0 7 0 0 0 0 0 0 14 15 0 17 0 0 20 21 0 23 24 0 0 
19 0 0 22 0 0 0 26 0 0 0 0 0 32 33 34 35 0 0 0 39 0 41 42 43 0 45 0 0 0 0 0 0 52 0 0 0 0 57 0 0 0 0 0 0 64 0 0 0 0 0 6 7 8 0 10 0 0 0 0 0 0 0 18 
11 0 0 14 0 0 0 0 0 20 0 0 23 24 25 0 0 0 29 0 0 0 33 0 0 0 37 0 0 0 0 0 0 0 45 0 47 0 49 50 0 52 53 0 55 0 0 0 0 60 0 0 63 0 1 0 0 4 0 0 0 0 0 0 
0 0 0 0 0 0 0 0 0 0 0 0 0 16 0 18 0 20 21 22 0 0 25 0 0 0 0 0 0 0 33 0 0 0 0 0 0 0 41 0 0 0 45 0 0 0 0 0 0 52 0 54 0 0 0 0 0 60 0 62 0 0 0 2 
0 59 0 0 0 0 64 0 0 0 0 0 0 0 0 0 10 0 12 13 14 0 0 0 18 0 20 0 0 23 24 25 0 0 0 29 0 0 0 0 34 35 0 0 0 0 0 0 0 43 44 0 46 47 48 49 0 0 0 0 54 0 0 0 
0 0 52 0 0 0 56 0 58 0 60 0 0 63 64 1 0 0 0 5 0 7 0 0 10 0 12 0 0 15 16 17 0 0 20 21 22 0 0 0 0 0 28 0 0 31 32 0 34 0 0 37 38 0 0 0 0 43 44 0 0 0 0 0 
42 0 0 45 46 0 48 49 0 0 0 0 54 0 56 0 0 0 0 0 62 63 0 0 0 0 0 0 0 0 0 9 0 0 0 0 0 0 0 17 0 0 20 0 0 0 0 25 26 0 0 0 0 0 0 0 0 35 0 37 0 0 0 0 
0 0 36 0 0 0 0 0 0 0 0 0 46 47 0 0 50 0 0 0 54 0 0 0 58 59 0 61 0 63 0 1 0 3 0 0 6 0 0 0 0 11 0 0 0 0 16 17 18 0 0 21 0 0 0 0 0 0 0 29 30 31 32 0 
0 27 0 29 0 31 32 0 0 35 0 0 38 0 40 41 0 0 44 0 0 47 0 49 0 51 0 0 54 0 56 0 0 0 0 61 0 63 0 1 2 0 0 0 0 0 8 9 0 0 12 13 0 15 16 17 0 0 20 0 22 0 0 0 
0 0 0 0 0 23 24 25 0 0 28 0 0 0 0 0 0 0 0 0 38 39 0 0 42 0 0 45 0 0 48 0 50 0 52 0 0 0 56 0 58 0 0 61 0 0 0 1 2 0 4 5 6 0 0 0 0 0 0 13 0 0 0 17 
0 0 0 13 14 15 0 0 0 19 0 0 0 0 24 0 0 0 0 0 0 0 0 0 0 35 0 0 0 39 0 41 0 0 0 45 0 47 0 0 0 0 0 0 0 55 0 57 58 0 60 0 0 63 0 1 0 0 0 0 6 0 0 0 
0 3 4 0 6 0 0 9 0 11 0 0 0 0 16 17 18 0 0 0 0 0 0 0 0 0 28 29 0 0 0 0 34 0 0 0 0 0 0 41 0 43 0 0 0 47 48 49 0 0 52 53 0 0 56 0 0 59 60 0 0 0 0 1 
