0 8 4 10 7 12 2 0 3 15 0 0 0 0 0 9
14 0 9 15 8 0 5 0 6 4 0 7 11 0 0 1
13 0 0 0 0 15 4 10 5 0 0 2 0 6 3 8
0 5 0 0 0 0 0 13 0 0 8 11 7 0 0 0 
0 0 0 0 10 0 0 4 0 2 0 15 14 1 12 11
10 15 0 4 6 0 0 1 13 0 0 0 0 2 9 0
5 0 0 0 0 0 0 16 0 8 1 9 0 7 0 10
0 0 16 1 0 8 7 2 0 0 0 4 3 13 0 0
8 0 0 11 3 13 0 0 0 0 0 10 1 0 7 12
0 0 10 0 0 2 6 0 0 1 3 0 0 0 11 5
1 6 3 9 15 0 12 11 0 0 16 5 2 8 0 0
0 0 0 7 0 0 0 8 0 0 11 14 0 3 16 13
6 0 11 0 0 0 10 15 0 7 14 0 13 12 0 3
7 0 8 0 13 1 0 0 12 0 0 0 9 0 15 0
4 9 15 12 16 0 0 5 1 0 2 13 10 0 8 6 
0 16 0 14 4 6 0 12 15 0 10 3 5 0 0 7