0 11 6 0 4 8 0 1 0 16 0 2 5 7 3 0
5 4 16 0 0 3 11 0 12 0 0 0 0 14 13 0
2 0 0 0 0 0 0 13 14 9 0 5 6 12 4 11
0 9 0 0 0 2 0 0 0 7 6 0 0 0 0 8
3 1 0 0 0 5 8 0 0 11 10 12 16 0 0 0
0 10 0 0 0 4 14 12 15 0 0 7 8 0 0 1
15 14 0 0 0 0 3 0 0 13 16 8 0 9 10 7
12 7 8 11 0 9 2 0 5 0 0 0 13 6 0 0
0 6 0 15 0 0 4 2 11 8 13 0 0 3 0 10
0 0 13 0 5 15 0 0 0 0 0 0 1 4 6 16
9 5 0 14 3 0 0 0 0 12 4 0 2 0 0 15
0 3 7 1 11 10 6 8 16 5 2 15 14 0 0 12
7 0 3 5 2 0 0 4 0 0 11 0 0 0 1 0
0 0 0 0 0 0 9 0 0 0 0 13 3 0 2 0
8 0 11 9 6 12 0 15 0 0 14 0 0 10 7 0
0 15 14 2 10 7 0 0 0 0 0 4 0 0 12 0